16900
31458
23215
24052
25202
9860
7575
21264
7161
1393
18782
31431
29168
4326
20729
10605
23274
26785
17770
11082
9465
11921
10924
20820
8042
18795
1352
28045
24162
7414
28992
8294
6104
19440
32346
31306
29300
7154
19802
3693
8547
5817
2357
4948
10143
23086
15553
649
17103
556
11731
26569
12477
22656
14621
20519
8683
15973
15796
77
23387
12020
8372
29491
31460
7950
28030
27993
15104
15064
31686
23652
20881
1275
28600
31025
24362
11385
31674
8697
11941
10638
2498
24418
526
17119
12169
9209
324
27965
9286
23711
7218
17658
20435
5910
25609
15697
1135
7945
30761
54
31597
18875
1329
27429
17132
25691
6047
16038
1621
17988
26676
4119
9639
27202
21239
21808
3643
21563
17006
12930
12507
24224
30588
174
30134
23429
15871
31270
31375
13864
31324
30204
32739
32653
24866
17103
25577
30913
374
27198
16133
27050
31317
25772
21485
19788
14813
25128
8584
31819
5290
21091
23275
3111
21265
20641
26540
4368
19143
25147
18232
17699
22584
18204
17585
14682
2539
10394
12827
2913
4824
28960
29964
3373
21965
18681
23162
4010
11041
31746
3061
16332
20069
26336
19443
8566
14209
13215
12934
585
5595
31166
18284
28179
16602
3101
10093
19142
13495
22920
22055
18319
19112
19251
21693
8309
5164
12087
12319
16206
11065
15380
32538
31134
8948
19213
6932
23158
32428
19866
23743
5255
18264
9259
666
2099
12361
10759
21241
25856
911
10528
11408
20024
29780
333
28333
2176
12420
7885
18382
23485
23265
18152
21851
32214
4597
28783
22604
4258
15881
13579
9513
1377
22838
10180
3476
2431
20939
24717
28288
21851
2478
6928
9107
32258
7261
4672
1666
19681
12557
20049
10398
3055
5433
32249
2501
10031
28264
25105
14289
11377
5916
23802
12754
28754
1214
16231
31186
22154
8180
26706
11237
10658
866
20344
10148
8127
25016
11815
27808
4806
31864
5438
7861
4529
4919
10362
14560
415
2699
28849
11792
8615
19884
24546
4601
21098
8009
3019
10484
16190
29725
21721
26848
30591
9297
4229
5950
1546
16044
990
6352
15140
6428
14213
19669
11347
24575
1462
11762
27274
30311
23554
3121
17427
15333
7722
5758
23342
10742
16242
6764
7699
5196
845
5523
14493
5074
11473
16039
21118
12464
22391
3490
18892
3836
23159
30240
28411
24621
9234
22917
22165
21
26038
6824
15354
993
12582
5928
11735
28825
12693
19434
1253
13538
24957
15746
18612
3663
31786
6962
16127
21409
10452
2251
25246
843
32491
20889
25465
8958
11039
14862
8979
4309
21686
24333
5302
1501
30261
17037
30326
10186
3704
31579
23724
28661
14557
9568
32324
13575
16530
15683
2217
26982
17935
27463
27826
17658
15584
20523
26616
26623
2617
2827
30933
24303
27160
3467
25804
24654
20505
23362
2072
24209
22173
25797
20102
3963
2597
19659
17538
19128
2574
19755
13342
20509
14450
8400
5400
30035
28923
32016
23890
31540
2076
22055
23076
29236
25523
16112
21122
13260
6707
23195
4701
28880
16224
24803
75
18821
11694
17614
5181
14269
4601
18524
2010
19052
26924
7410
16319
23080
6659
7441
21852
8735
29497
12160
5203
22252
28273
26326
2744
2212
16753
7445
31092
209
32248
31168
19030
11175
16014
24212
25444
20615
9968
27454
6899
4124
2097
23218
27204
8756
30660
16289
17491
27389
28449
22694
16873
23954
16252
19617
26166
237
27062
24491
446
26542
22891
19477
4949
6137
10921
30393
26752
20889
25080
884
25013
27177
24102
19450
3165
21994
2971
20656
16615
31420
10582
720
22607
26835
20337
16005
27072
14631
7728
27519
8406
30619
14228
13355
3988
25149
10981
30741
13270
3293
31625
5515
30470
22959
24965
867
12186
27936
21523
28801
26589
32105
29522
16428
26172
17091
32433
20477
31723
7394
15228
7361
5245
29456
20716
9234
21837
31697
7207
2339
2222
6064
7854
32692
29023
52
791
8441
27988
22314
4475
21809
21652
1229
5469
15056
18320
5135
2765
17275
12529
17993
24636
17774
14681
12585
27008
3750
11514
1447
6089
13737
7511
13944
13661
3767
13996
14453
12208
9216
3999
16683
31026
25651
17912
3727
7940
3465
8862
10705
20740
21391
28699
12609
6398
10612
25194
638
14363
3940
2086
20452
17677
9597
1628
31339
13364
15624
13024
25573
24841
17023
9488
23099
9907
27401
26826
17847
30866
2921
28552
18838
24312
24483
31447
30710
2328
23873
31349
16691
27814
667
4375
12723
10264
6004
11294
23629
21628
24318
16434
13701
8574
25922
4032
18481
20555
30859
3560
18653
1012
32112
4724
25324
23828
3403
23267
26156
27277
21848
10079
22323
22515
14454
2278
11
20458
13573
23640
9319
5123
7306
23020
13697
461
27053
32178
21016
25144
2970
6902
26156
2315
11626
18712
26143
15029
9211
19531
9538
31059
29610
31861
20806
11296
1372
20818
31755
14945
11690
8306
20068
18997
31326
998
19458
25611
408
7706
17987
3379
14608
11375
5694
26234
30088
31837
8496
6531
18600
18034
4823
15442
17128
25629
26738
18500
13679
25725
677
25370
1263
20745
11599
32590
21743
31057
25433
22152
5995
10653
25531
20604
22028
31225
14070
19348
30294
22566
25880
16126
7833
30703
31568
24961
23564
25538
10693
4476
18496
11370
29846
19759
32115
8677
19581
21091
6966
12247
10475
12961
22900
3238
797
12160
1695
14868
31509
31989
4666
24621
15347
12499
22556
14147
4692
13352
6917
15385
17828
25413
26755
14906
12405
26103
23583
31986
14426
30549
11465
24901
10743
1597
28139
11540
13758
29834
26408
12499
29055
31075
4352
11634
10806
26908
25781
15499
7492
32698
30884
25321
25344
24872
7459
4981
18207
31043
4199
32633
28824
15665
24766
6799
17262
20137
18340
31020
17203
11980
10751
13490
10287
15103
25124
21094
9243
18137
3825
16736
18067
1941
9289
10643
26813
16748
15624
12252
15023
19824
12117
11080
2721
4115
17879
19983
24252
3451
18236
8687
15432
28987
22177
25719
11323
14533
14045
20566
32670
17870
4534
17970
19812
13823
28613
13857
30572
11470
26110
12827
31294
5459
23907
1247
9575
9019
21230
1059
12470
6698
9747
27902
2918
31924
20854
14241
13690
2131
2039
13592
20002
6574
31562
7046
20397
27408
20903
18201
6110
14245
31029
4636
19705
22168
5883
29280
31187
27113
30339
10890
1044
7318
6024
3962
6475
26878
18203
20165
29010
20242
989
16244
26816
32552
23290
14446
27192
11425
32647
534
25671
30908
5170
12608
20309
11053
9120
18728
5398
6691
29618
6442
14010
2875
10404
20485
29753
28607
7882
25995
16082
8871
9471
10130
8655
32761
24576
3079
11419
24456
3613
4322
22596
8783
16930
10137
19836
26050
28866
25235
32741
25716
31677
13983
28591
9314
1700
25577
5153
9582
18804
21235
18454
28276
31366
27109
28269
23174
30189
6920
14862
1034
11242
4691
9818
28172
14828
29654
21454
10926
22121
21428
3875
21031
2643
32466
30345
4344
25275
2730
13926
11312
23966
32380
6820
22564
26722
2321
12970
24143
9242
27833
25177
20484
32524
2227
15889
14584
31882
4575
25511
21235
26003
29386
9498
28647
29084
7075
223
21592
9806
14149
136
1004
13762
6956
23568
7716
9277
3770
31859
18519
31603
24268
6236
31359
26496
22125
13176
25610
26700
5919
14077
19936
2537
23576
15815
31621
30651
16038
20445
7689
30187
20581
8693
11181
27537
32261
18897
4047
3264
17988
22566
2099
9489
28802
691
3217
18159
13867
28827
12092
19786
10136
32028
22323
944
15075
21176
31596
31113
8854
6517
28532
29435
15211
6946
24205
14704
25843
28252
17968
11064
18050
20068
20553
14085
20759
23770
32244
1858
19829
11568
21644
29965
10828
11199
30910
25903
32375
29738
24248
8461
3487
20013
5129
18698
26959
29334
635
20034
24818
18603
31098
10100
5903
18883
24185
26662
9885
23662
28520
29714
2462
17396
26912
13291
28595
25054
6426
28203
22024
30675
3896
25511
17920
9025
11442
12111
5591
12077
32145
30409
30680
30476
7742
3816
16591
31927
30478
26477
22821
26231
23423
25284
10859
17567
5807
6687
9853
12233
2122
31877
10140
6018
24621
28060
15044
3295
7403
20635
15372
6781
18277
13284
4489
26019
17100
21080
25178
14811
14789
15232
8274
5445
7748
19133
23012
13555
25820
98
25788
27942
31975
3161
1193
23828
31221
16237
27123
5857
4104
9727
12638
22381
23012
17127
15632
7344
5439
8043
22155
20229
23275
30429
25674
31023
16795
15918
11810
9847
16016
4830
5022
15224
7991
6215
6284
6445
22452
640
12302
26556
10367
24940
16170
611
9299
31802
7956
14738
7077
30111
2199
30352
27773
27873
28607
11800
11024
7649
21647
27040
12480
26669
9496
20471
116
15781
26916
22568
16421
6450
16357
26788
31390
32527
27400
7921
31561
2588
22660
5871
32699
24859
3455
27704
19965
32063
6736
30989
6944
28384
25261
19424
22285
1990
7128
22402
17771
1276
12202
1424
7727
28559
28212
6349
28318
22844
14271
27112
25432
4163
215
25364
29022
3670
20300
16219
2965
27037
14440
9910
22653
6934
29334
12170
8924
3694
1804
26695
4971
14007
28119
12698
9798
23563
19047
5349
13640
550
32461
6304
4713
32676
31668
968
3578
19201
17187
6544
13470
31628
16454
3355
5794
13020
15525
14718
16715
17330
8645
21686
31337
3996
1616
8367
27559
20663
13716
8431
21214
13409
14736
25927
13317
13636
26895
16896
69
11315
23440
13539
10175
7126
16894
15969
20146
32420
30687
4093
16982
6564
25779
15551
10560
27395
23918
5351
15291
4867
13783
3737
18276
28519
29664
31594
9387
23792
15722
9457
2339
6394
22996
12514
13520
7123
28483
898
6775
26402
4992
23757
198
30771
6540
10758
25399
30458
16109
7922
2557
29892
11659
20834
25643
8555
19660
2263
32347
2614
11720
1918
9008
1948
14432
22528
9071
10147
23426
15846
3781
28418
6835
3979
26422
13375
14737
19053
11066
30847
26975
13623
27971
5866
1689
20847
14421
21349
23110
14001
23963
2062
15919
203
4010
30352
22731
13082
7731
13390
28928
11513
9040
2996
15492
2694
16371
30230
21747
27437
28309
15954
8293
23512
21820
9982
11591
3474
31332
1933
17475
22527
3995
626
22731
8006
30978
12694
21088
5942
26084
17248
17455
2357
20244
179
5051
3848
30409
26799
31285
25950
9985
6810
16695
31806
16793
28286
2512
15357
30220
19987
5116
1447
20613
27847
9453
18824
7774
30541
24766
1090
15022
9453
3447
2498
9632
8499
6346
7274
2530
4864
456
12515
11674
17151
11553
28467
12670
14065
11056
10122
1284
16173
11569
21898
11252
21023
7954
19026
18796
32720
20117
1050
9405
23564
3549
19037
32063
9895
26311
1825
14759
26768
14341
26434
11151
25894
22133
23821
7192
422
1175
8476
16595
12745
30374
27847
1000
5560
14106
19796
5512
1455
20847
14917
25019
24396
1187
24315
1523
27498
26140
16283
21498
7713
9949
32650
840
32082
23703
8032
32504
24879
16508
16331
4856
14115
11411
5856
19675
25517
25652
25188
26972
13731
7337
19223
5359
8524
10770
6883
3255
4143
23166
24753
11856
347
24635
12696
32429
15571
20728
32166
7682
4469
15729
12538
18584
27140
18394
5491
19889
11278
30679
14093
25010
5249
549
30369
13773
11319
4484
17028
15462
27650
9014
27319
27997
881
7247
27659
16452
27976
27057
24134
32445
10018
3904
18261
4391
22298
23752
24280
809
21664
5606
25819
26913
6155
23420
7918
17474
27905
24947
169
22787
1193
27488
18017
2074
1967
12908
18527
29943
7197
9893
29620
17215
13798
15113
21606
3328
6098
13119
4137
27762
18725
29956
21907
24880
20609
29825
9586
15746
22004
9755
5765
23197
4475
23782
25272
6443
3922
11031
3618
11119
20924
471
28335
1954
15584
17173
5283
21682
30292
9420
16676
16249
6609
5815
8361
27218
2873
17948
10196
24877
27703
15961
15307
32179
6976
7811
5854
10898
18842
9472
22018
6998
9943
17585
8953
25528
1990
14236
14442
32283
23656
31119
15764
30265
4166
24126
24715
7039
9306
2143
31917
4241
18105
14456
3652
25081
22267
9506
3211
8341
18979
25229
15339
28922
10046
24292
21682
12037
5760
3357
11552
29417
1708
27316
26914
5874
18674
18862
12914
27980
21005
12063
32222
6342
26519
3106
31423
16018
12613
1867
24359
31592
27096
6930
27746
4375
31223
16661
16412
4215
20018
27964
864
21726
22512
27779
27600
8419
13873
7746
3631
2110
19809
3085
8453
13560
6192
7108
29578
18805
8975
21169
17629
3304
28100
12607
7679
26555
29268
24091
30770
16518
19287
31635
5476
9031
26646
309
17450
7751
8055
21082
9861
27865
24167
18314
8657
30359
25423
5468
16396
1630
26637
1257
4934
21969
13865
12613
15756
10365
3936
13759
26884
23223
12626
32360
32255
6504
32669
16937
14255
7957
5251
24116
3054
29419
9663
11711
27010
2318
17179
10639
3948
11049
11896
8883
250
25761
21496
16007
3359
25433
29766
30243
15888
9624
29835
15375
16128
29737
32313
30383
4926
4796
21731
7980
1447
31394
19691
28458
944
4103
6329
4893
15152
18225
13776
15402
11219
2504
31409
14578
27937
28407
12053
11058
5263
9120
26433
21391
6089
25978
19006
11015
30775
7970
18995
32222
6596
5919
27912
7541
10022
1473
12434
25174
19699
26210
7808
30918
28714
6450
12728
23884
2089
24781
2174
7353
1133
28607
28744
7223
21818
14983
18238
19825
22953
4466
19279
29549
10385
14424
4322
20407
15897
16756
12813
2828
10198
20621
978
6145
27071
13706
30029
29161
5719
32203
3746
6853
28042
32490
14076
17092
14705
32314
4149
4890
4012
23429
1672
14397
5085
5994
2036
20982
22751
14849
23811
181
2703
24789
6326
29774
5728
3587
26167
11447
3022
29913
18300
31065
29636
32376
15389
11573
31923
19539
16464
3167
10200
18136
17565
15285
24130
19601
3499
14113
1683
27310
14295
4386
19332
20621
1392
25060
24209
27560
3739
27231
24705
22040
25528
21573
21648
8150
379
20803
27689
16843
23971
5121
2211
8768
20406
26341
28369
23905
7687
30052
18448
21982
1670
5012
9835
3063
30072
1276
30623
1043
28508
22560
23083
21268
11366
11964
29418
11745
32767
24339
28588
23970
29460
30799
32738
17098
24372
28340
8236
32059
25624
26684
21273
27295
31696
31109
30358
29000
32385
28213
30043
28125
18005
20359
16626
29371
32323
13276
8348
32322
4848
4168
23525
1540
2199
23495
18639
26572
19067
26875
25863
11924
20791
14369
6451
19719
12710
4041
15951
12327
32254
13226
7685
17491
817
24311
14095
372
4819
22443
32695
9667
26612
23452
11208
28811
14179
29847
22615
479
23954
15711
12403
11977
30080
18854
31696
10022
22895
14879
22349
22381
28105
30034
7104
28923
21577
21199
29295
26397
10875
29222
3296
4719
19906
14504
762
1318
11583
23378
1797
2769
6321
14200
14746
3633
286
13674
13655
23181
28553
3236
12794
23891
503
19898
20046
22080
8330
16573
15709
19205
13028
19006
23924
166
742
24686
1484
12326
15296
3281
15095
21617
17481
29842
25250
17767
10748
6137
8180
6534
9374
20974
30425
9877
8105
17703
31957
16435
1508
14899
2872
14536
1137
26796
14703
1879
18714
16187
14205
1243
19469
29301
22860
4182
26375
15343
21950
4355
21480
30130
10889
30854
18337
8546
7963
26442
26249
7153
10109
27758
22052
12981
9526
23189
7009
24229
25068
25723
7649
6506
26966
27118
3039
17059
31300
29414
32402
20482
1001
21114
17845
11891
19201
3414
20437
27164
29856
13919
1549
7197
8909
23601
20178
18435
